familia                   total |  roman   w IoUmin IoUmay rasgos |   ital   w IoUmin IoUmay rasgos  incl
Newsreader                0.628 |  0.644 400 0.637  0.625  0.683 |  0.603 500 0.529  0.559  0.782  16.4
Spectral                  0.623 |  0.647 400 0.641  0.649  0.651 |  0.589 500 0.461  0.672  0.654  9.1
Crimson Pro               0.616 |  0.615 400 0.602  0.643  0.592 |  0.617 400 0.505  0.681  0.688  12.8
Crimson Text              0.611 |  0.642 400 0.618  0.582  0.768 |  0.563 400 0.512  0.531  0.690  10.9
Vollkorn                  0.600 |  0.609 400 0.585  0.644  0.591 |  0.588 500 0.474  0.663  0.647  10.7
Libre Baskerville         0.591 |  0.610 400 0.597  0.613  0.623 |  0.564 400 0.512  0.512  0.717  12.6
Gambetta                  0.591 |  0.625 500 0.588  0.585  0.740 |  0.540 500 0.436  0.591  0.621  11.0
Castoro                   0.590 |  0.608 400 0.587  0.603  0.649 |  0.562 400 0.445  0.629  0.639  11.5
Bespoke Serif             0.587 |  0.599 400 0.566  0.631  0.603 |  0.567 400 0.389  0.658  0.699  10.2
EB Garamond               0.581 |  0.606 400 0.589  0.529  0.748 |  0.544 400 0.507  0.432  0.767  16.4
Alegreya                  0.580 |  0.618 400 0.602  0.586  0.691 |  0.522 500 0.490  0.568  0.500  8.4
Source Serif 4            0.575 |  0.582 400 0.579  0.604  0.557 |  0.563 500 0.451  0.627  0.634  10.0
Erode                     0.570 |  0.594 500 0.569  0.631  0.577 |  0.534 500 0.405  0.646  0.560  10.0
Sentient                  0.566 |  0.597 400 0.584  0.622  0.580 |  0.519 400 0.407  0.671  0.461  7.6
Recia                     0.560 |  0.579 500 0.536  0.606  0.603 |  0.532 500 0.408  0.585  0.640  8.3
Cardo                     0.556 |  0.584 400 0.580  0.544  0.649 |  0.516 400 0.461  0.468  0.669  12.1
Brygada 1918              0.555 |  0.587 400 0.535  0.579  0.675 |  0.509 500 0.374  0.584  0.597  8.0
Rosarivo                  0.551 |  0.613 400 0.570  0.590  0.711 |  0.460 400 0.425  0.476  0.487  7.4
Literata                  0.544 |  0.613 400 0.591  0.606  0.655 |  0.441 500 0.365  0.464  0.519  2.2
Rowan                     0.541 |  0.573 500 0.585  0.577  0.549 |  0.493 500 0.426  0.513  0.564  7.2
Sorts Mill Goudy          0.538 |  0.594 400 0.508  0.542  0.803 |  0.455 400 0.396  0.454  0.542  6.9
Gentium Book Plus         0.535 |  0.567 400 0.590  0.572  0.527 |  0.487 400 0.450  0.485  0.543  8.6
Libre Caslon Text         0.534 |  0.582 400 0.578  0.543  0.648 |  0.461 400 0.418  0.370  0.663  22.7
Linden Hill               0.523 |  0.582 400 0.548  0.578  0.640 |  0.434 400 0.389  0.391  0.565  1.4
Caudex                    0.506 |  0.526 400 0.494  0.516  0.589 |  0.476 400 0.294  0.554  0.634  13.0
Faustina                  0.503 |  0.542 500 0.557  0.611  0.415 |  0.446 500 0.423  0.493  0.408  9.4
Fanwood Text              0.499 |  0.527 400 0.508  0.541  0.532 |  0.458 400 0.424  0.457  0.512  7.5
Cormorant                 0.491 |  0.495 500 0.473  0.492  0.531 |  0.485 500 0.418  0.449  0.641  10.4
Cormorant Garamond        0.490 |  0.495 500 0.479  0.488  0.529 |  0.482 500 0.418  0.441  0.641  10.4
Zodiak                    0.483 |  0.547 400 0.485  0.504  0.702 |  0.388 400 0.258  0.487  0.435  11.4
Boska                     0.376 |  0.384 500 0.444  0.285  0.442 |  0.363 500 0.354  0.324  0.436  9.9
Goudy Bookletter 1911     0.348 |  0.580 400 0.562  0.545  0.657 |   sin itálica
Instrument Serif          0.333 |  0.322 400 0.334  0.232  0.440 |  0.349 400 0.398  0.281  0.379  10.3
